depth,a,t,delta,has_contract,threshold_est,tension,v2_last,n_mod
1,0,1,1,True,0.0,None,None,31500000
2,2,5,23,True,0.21739130434782608,1.5773243839286437,4,17718751
3,3,4,-11,False,None,0.84123967142861,2,106312513
4,4,6,-17,False,None,0.9463946303571862,2,79734385
5,5,8,13,True,21.76923076923077,1.009487605714332,2,59800789
6,6,9,-217,False,None,0.9463946303571862,2,89701195
7,7,10,-1163,False,None,0.9013282193877964,1,134551793
8,8,12,-2465,False,None,0.9463946303571862,2,100913845
9,9,17,111389,True,0.32508596001400497,1.1917562011905307,5,9460673
10,10,13,-50857,False,None,0.8202086796428947,1,454112531
11,11,14,-160763,False,None,0.8030015045454912,1,681168797
12,12,17,-400369,False,None,0.8938171508928981,3,255438299
13,13,18,-1332179,False,None,0.8735950434066335,1,383157449
14,14,20,-3734393,False,None,0.9013282193877964,2,287368087
15,15,21,-12251755,False,None,0.8833016550000404,1,431052131
16,16,22,-38852417,False,None,0.8675284111607541,1,646578197
17,17,28,139295293,True,1.576336875934494,1.0391784176471066,6,30308353
18,18,28,-118985033,False,None,0.9814462833333784,2,90925129
19,19,30,-88519643,False,None,0.996204874060196,2,68193847
20,20,31,-1339300753,False,None,0.9779411180357591,1,102290771
21,21,32,-6165385907,False,None,0.9614167673469829,1,153436157
22,22,35,2978678759,True,32.47885276809066,1.0037518806818642,3,57538559
23,23,32,-89848211531,False,None,0.8778153093168104,1,1380925745
24,24,34,-265249667297,False,None,0.8938171508928981,2,1035694309
25,25,38,-572410702499,False,None,0.9590132254286154,4,194192683
26,26,39,-1992110014441,False,None,0.9463946303571863,1,291289025
27,27,41,-5426574229435,False,None,0.9580785146825835,2,218466769
28,28,43,-14080699432753,False,None,0.9689278358418811,2,163850077
29,29,46,1738366812781,True,99.97913315671336,1.0007851263547256,3,61443779
30,30,38,-205616254187705,False,None,0.7991776878571795,1,47189480741
31,31,42,-613275349772843,False,None,0.8548080532258456,4,8848027639
32,32,43,-1844224095829633,False,None,0.847811856361646,1,13272041459
33,33,44,-5541468380511107,False,None,0.84123967142861,1,19908062189
34,34,47,-16536444211311241,False,None,0.8721676005252501,3,7465523321
35,35,49,-49468595145578395,False,None,0.8833016550000404,2,5599142491
36,36,50,-148968735390156497,False,None,0.8762913244048021,1,8398713737
37,37,52,-445780306263626867,False,None,0.8867120861004267,2,6299035303
38,38,53,-1341844518418251097,False,None,0.8799809720865064,1,9448552955
39,39,54,-4034540754509494283,False,None,0.8735950434066334,1,14172829433
40,40,56,-12085607865019000865,False,None,0.8833016550000404,2,10629622075
41,41,57,-36328881189094930531,False,None,0.8771462427700749,1,15944433113
42,42,59,-108842528379208935721,False,None,0.8863060823979998,2,11958324835
43,43,60,-327104045889930230651,False,None,0.8803670980066848,1,17937487253
44,44,66,-910983925888773026417,False,None,0.9463946303571861,6,840819715
45,45,67,-2806738753961157285715,False,None,0.9393842997619478,1,1261229573
46,46,71,-6501754878217678489081,False,None,0.9738263587733365,4,236480545
47,47,73,-17144081393218212860395,False,None,0.9799547236322638,2,177360409
48,48,75,-41987511213915348153793,False,None,0.9858277399554023,2,133020307
49,49,76,-163741465504703206170947,False,None,0.9785849239067503,1,199530461
50,50,79,-113435077884538001417161,False,None,0.9968690106429029,3,74823923
51,51,80,-944768143460928591604571,False,None,0.9896937310924823,1,112235885
52,52,83,3210324667690360098717167,True,5.310019931262215,1.0070609528159804,3,42088457
53,53,78,-19081014212776362603120179,False,None,0.9285381278976167,2,4040606713
54,54,80,-56940811183425430515683993,False,None,0.9347107460317888,2,3030455035
55,55,81,-172031359369890920721758155,False,None,0.9291874552597829,1,4545682553
56,56,83,-513676226470443503815862113,False,None,0.9351280276148388,2,3409261915
57,57,84,-1550700085968247544845235747,False,None,0.9297912157895162,1,5113892873
58,58,86,-4632757444790908567740408425,False,None,0.9355165311576784,2,3835419655
59,59,87,-13975643586828061970402420539,False,None,0.9303540434019797,1,5753129483
60,60,88,-42081673265394858445569652145,False,None,0.9253636385714709,1,8629694225
61,61,90,-125935534786363230267984175379,False,None,0.9308799642857569,2,6472270669
62,62,93,-371616904162662789429456905017,False,None,0.9463946303571862,3,2427101501
63,63,96,-1065333110916573157292405746091,False,None,0.9614167673469829,3,910163063
64,64,97,-3275227495263983809470761188609,False,None,0.9562529077567402,1,1365244595
65,65,98,-9984138810820480103599371466499,False,None,0.9512479361538897,1,2047866893
66,66,101,-28367853182176153558927235392777,False,None,0.9655137137987456,3,767950085
67,67,105,-52144643940594496237867422838555,False,None,0.9887705093284035,4,143990641
68,68,107,-115869112614480147865707765943633,False,None,0.9927865240021464,2,107992981
69,69,113,9550208548738574723289135329744909,True,0.1531433232409064,1.0332617703416622,6,5062171
70,70,109,-1854118397676388147749259944933337,False,None,0.982447759132698,2,243009895
71,71,110,-6211392300346017896814091875952523,False,None,0.977496801307892,1,364514843
72,72,111,-19932251115671760597574899710162593,False,None,0.9726833700893303,1,546772265
73,73,113,-57200604917747867978459450965877731,False,None,0.9766446870352697,2,410079199
74,74,114,-181986408470313259192439345556073385,False,None,0.9719728636100832,1,615118799
75,75,115,-566728412845079088091440021985100539,False,None,0.9674256221429015,1,922678199
76,76,116,-1741723613403515885302564036589062385,False,None,0.9629980449248561,1,1384017299
77,77,117,-5308247589947104897964180051034708691,False,None,0.9586854697124744,1,2076025949
78,78,120,-15093975272475742273327660740428910713,False,None,0.9706611593407037,3,778509731
79,79,121,-46611153813212142692886789281567076715,False,None,0.966360761799321,1,1167764597
80,80,126,-62738237684111307450239558348441244737,False,None,0.9937143618750456,5,109477931
81,81,127,-273285304782568538216562326903265787075,False,None,0.9892355395503099,1,164216897
82,82,129,-649714730887236382917999676993913255497,False,None,0.992560222081927,2,123162673
83,83,131,-1268579458819832221827249816118203343579,False,None,0.9958047917814571,2,92372005
84,84,135,31583627783318103534709209724549283960687,True,2.710810498705401,1.013994246811271,4,17319751
85,85,132,-30473027676951043950394226361242849933747,False,None,0.9797967937815575,1,415908557
86,86,135,-64196493677178054774112710489187092884761,False,None,0.9904129852575204,3,155965709
87,87,138,25191233797866452294221617288770376677557,True,86.47171115246722,1.0007851263547256,3,58487141
88,88,136,-882661443855763356230198042661548153427425,False,None,0.9750732555195251,1,702258011
89,89,137,-2735096617499050315337218027487177122415011,False,None,0.9712064745987604,1,1053387017
90,90,139,-8031065280633630452718406283456466042979561,False,None,0.9744359527381399,2,790040263
91,91,140,-24790094129354973331328210046389659426000571,False,None,0.9706611593407038,1,1185060395
92,92,141,-75764078962973083940330612531209500872125489,False,None,0.9669684266692989,1,1777590593
93,93,143,-224504643739102923928299872809547457428128915,False,None,0.9701392985023485,2,1333192945
94,94,145,-662363558618043460214131759292318191531396537,False,None,0.9732427049772483,2,999894709
95,95,150,-693647454339354238433323618063349607247325483,False,None,0.9962048740601961,5,93740129
96,96,152,-653694670312102834241684884740553685359229825,False,None,0.9989721098214743,2,70305097
97,97,154,3747906759887531021508089223576319489453297021,True,25.27561721504591,1.0016822891753037,2,52728823
98,98,142,-57258593783923848570488074933278645987635451785,False,None,0.914204336807622,1,98377016067
99,99,143,-171781356538071178367249608729404100053282850459,False,None,0.9113429773809942,1,147565524101
100,100,147,-515199114770423086051328844019440085810059678673,False,None,0.9274667377500425,4,27668535769
101,101,149,-1545418938349681013168854246312139070538131192691,False,None,0.9307775572489818,2,20751401827
102,102,150,-4636970438895396019447091881921141959182584951385,False,None,0.9278378728992022,1,31127102741
103,103,156,-13823849207431124505596720201627006674228407310091,False,None,0.9555829277392948,6,1459082941
104,104,159,-41014828360627466354851509094657181579042743010593,False,None,0.9645945270948245,3,547156103
105,105,160,-123775235900547850523656369700329686246956195303267,False,None,0.9614167673469829,1,820734155
106,106,161,-372787209338974454489172793933705341760524518452777,False,None,0.9582989653302326,1,1231101233
107,107,163,-1115438624742261557631111012135683459242261690272379,False,None,0.9611359797396969,2,923325925
108,108,167,-3194319703944370769400149813804556943682568086347633,False,None,0.9756043411706796,4,173123611
109,109,168,-9770031321411467881730521100001355057563663624543827,False,None,0.9724421889908702,1,259685417
110,110,170,-28935949545077692498131419982828696719659072142629625,False,None,0.9750732555195253,2,194764063
111,111,171,-88304426311859922082634833217187563971104891351896299,False,None,0.9719728636100832,1,292146095
112,112,172,-267906434288833455424385646188965639537570023903703745,False,None,0.9689278358418811,1,438219143
113,113,173,-809705613573007744626119231641702813861220771407140931,False,None,0.9659367023704615,1,657328715
114,114,174,-2441089462132037990584282281074720232080683713613482185,False,None,0.9629980449248561,1,985993073
115,115,176,-7299323143570084458340997670924937115248008342056327771,False,None,0.9655968402484915,2,739494805
116,116,182,-16055330181159052102531794971764257583197582122844000017,False,None,0.9899070271552178,6,34663819
117,117,183,-54295972706940711741028773023894009484067702857266408755,False,None,0.9868388453297156,1,51995729
118,118,185,-150627953793895024356219542854479554983253195594330408857,False,None,0.9891695289044037,2,38996797
119,119,188,-206684574843142855731323104219389195570761327233614878411,False,None,0.9967629720288571,3,14623799
120,120,189,-1012372582991096114933706151608646737718681196979846792289,False,None,0.9937143618750455,1,21935699
121,121,190,-3821755465896623440280592132726898515168838021497544690979,False,None,0.9907161419717101,1,32903549
122,122,193,-3618889228456519366047039619171112525378569758912590931817,False,None,0.9981101839286172,3,12338831
123,123,194,-23410871156142919625812697703928670408340420165665841821243,False,None,0.995124977177746,1,18508247
124,124,195,-95341020409975481932781250804616676889430682274853663515313,False,None,0.9921879189228565,1,27762371
125,125,196,-336239875113019891909030067799511361997110890380273266649107,False,None,0.9892978536000453,1,41643557
126,126,200,296917535621369923150753996628660528557957261307699378735047,True,20.757684909664057,1.0014757993197738,4,7808167
127,127,192,-3923784424177474376409788497714298555476634841980816335186091,False,None,0.9538465565804711,1,6733004795
128,128,193,-11777630374267809809993201282566103332846006881386913040071169,False,None,0.9513237690569633,1,10099507193
129,129,195,-35320336919332656068451932268851894665705815933271811051187715,False,None,0.9537310228405752,2,7574630395
130,130,196,-106011227571881061651466483121941345328446266643371145429666313,False,None,0.9512479361538897,1,11361945593
131,131,198,-317933249087876998062178076735052713322681162243002011736792603,False,None,0.9536190168484625,2,8521459195
132,132,199,-954201481774695741755419720728243430618674037477451733419203153,False,None,0.9511744012175761,1,12782188793
133,133,201,-2861800976301957730128488181138559710554761010935463803839958771,False,None,0.9535103794576162,2,9586641595
134,134,202,-8588616804994391170936548467600361456869327438793956997190479065,False,None,0.9511030613539881,1,14379962393
135,135,204,-25759422662806137551707477554431719720197893504406739820230231691,False,None,0.9534049609524246,2,10784971795
136,136,205,-77303978997126556499531104056772617762234035761120744146055517089,False,None,0.9510338197216823,1,16177457693
137,137,208,-231654826904298231054506598235543267270298554804356985584518331107,False,None,0.9579079470281983,3,6066546635
138,138,209,-695375856852224994674058537002269139437141348379479351719392145577,False,None,0.9555385398292363,1,9099819953
139,139,211,-2085304818278014381001098126415528743058932677205621265226502132219,False,None,0.9577422877955217,2,6824864965
140,140,215,-6213131336343691785907265180500095116047246899110390719232442562033,False,None,0.9689278358418811,4,1279662181
141,141,219,-17954864113185453644185328361556427538068922577227602934544306332115,False,None,0.9799547236322637,4,239936659
142,142,220,-54707090672904818426139329306138646072757928494887201693667406816633,False,None,0.977496801307892,1,359904989
143,143,223,-155696288685229880342584545703722303632762177852617676180657342247019,False,None,0.9838974478771679,3,134964371
144,144,224,-480568839389264960925087144654676726235105105769123314782523831865665,False,None,0.9814462833333784,1,202446557
145,145,227,-1306906784832041683801926358528932025337129595194667081942053444350915,False,None,0.9877314073153162,3,75917459
146,146,228,-4136399927833330169763115196282953121400485940964325825674989215046473,False,None,0.985287560371865,1,113876189
147,147,231,-10252404050127939325715984381887288910310486269089731678536678825202139,False,None,0.9914610413265761,3,42703571
148,148,232,-34208085323779099870865331076800379457157013293354388313191298587506065,False,None,0.9890250191120145,1,64055357
149,149,235,-68115524237384480675422213919016011109215495019211232163761274643521715,False,None,0.9950905509348491,3,24020759
150,150,236,-259560543486477952325744688655264236947255356834996788932584017720959513,False,None,0.9926628122857597,1,36031139
151,151,237,-889109572008082877576190159762225118080983814059716551680352440743667275,False,None,0.9902672291154664,1,54046709
152,152,242,3737491893797394562010882960906404265631677683994969068149765157454744863,True,2.721070798909402,1.004506581344031,5,5066879
153,153,233,-9975885603254847141392051614471255342129871492578179519899653894699604131,False,None,0.9608276639356182,2,46120514683
154,154,234,-29941460302458122551751024355138320077294516695678879332809286732546410985,False,None,0.9586854697124744,1,69180772025
155,155,236,-89796773921987205400103334041965852130073745651147956452207210100744035771,False,None,0.9606414312442836,2,51885579019
156,156,237,-269500749707510265220908958219693988797460454696998595541504230689812896049,False,None,0.958527894848945,1,77828368529
157,157,239,-808281393239433497621528962471489101577902928603886334254747491294277110675,False,None,0.9604599433348938,2,58371276397
158,158,242,-2420427062056354532040628643662610008444140076069469955368938458379599782585,False,None,0.966360761799321,3,21889228649
159,159,244,-7254213797909950058803552740984858351269110292620907390274328950333628868651,False,None,0.968219244474438,2,16416921487
160,160,245,-21790910946766304325683990982966461750060570620212732074152932550221568522369,False,None,0.9661111851562942,1,24625382231
161,161,246,-65429271946371821275598638468923158642688191345338216029118689049106069399939,False,None,0.9640293129104257,1,36938073347
162,162,247,-196400894051261280423889246446817022713077533005414687700675849944200935865481,False,None,0.9619731427910493,1,55407110021
163,163,251,-586262648637992609747241132299214851728895665811843033155713197113651888289179,False,None,0.9715544058063548,4,10388833129
164,164,253,-1755169443125311698134736803616123058066272310414727831840906541840708379566289,False,None,0.973324558863285,2,7791624847
165,165,254,-5279982340530599618832156783974455162680475679327388566027651823523114279903859,False,None,0.9712494388312133,1,11687437271
166,166,255,-15868895043901127905352363098175537465004744534148575839092819866571321122121561,False,None,0.9691993202453113,1,17531155907
167,167,256,-47664581176322041813768874787030956348940868594778547799298188391717919931184651,False,None,0.967173753977803,1,26296733861
168,168,260,-141488446368881014900800201555979926244730095983682316065381616583050889108234785,False,None,0.9764389043367795,4,4930637599
169,169,261,-426318012534440103829177740428078785259842607705697197220776171093279277398943331,False,None,0.9743944714920142,1,7395956399
170,170,262,-1282659384458914429741087492804514368830832462626392089711591155968091052345307945,False,None,0.9723740907983639,1,11093934599
171,171,263,-3855388847087931525730371021454099132595106666897777265233298753280779597332879739,False,None,0.9703773402882651,1,16640901899
172,172,264,-11580987928686171050205330150443409449990538558730533787896946830595351672592551025,False,None,0.9684038078073534,1,24961352849
173,173,266,-34713321011213760204587556279168004245561178560117197379296739350280029256589829459,False,None,0.970100083526056,2,18721014637
174,174,269,-103547107536746221693193985394259530648474793358863512450008195220719572546013016057,False,None,0.9754028948892072,3,7020380489
175,175,271,-309692753815206570806672062673587420604290392362209609849413349133965893280028692459,False,None,0.9770397898163713,2,5265285367
176,176,272,-932872536625748089511655762057526947177407127944152539550684993514668977272127500225,False,None,0.9750732555195251,1,7897928051
177,177,273,-2806206160237501022718246434246110212261293285547505038656944872769549526680465346371,False,None,0.9731289419491971,1,11846892077
178,178,276,-8342732977109935526321947822003036929493160839492040915921935696053222631400567582153,False,None,0.9782955729534959,3,4442584529
179,179,278,-24906782125565698512033377096832640856814332091035364027687568812550986376376377215323,False,None,0.97987972901042,2,3331938397
180,180,281,-72292010261414934197450803906968523937139987724290917681497940925479328772622621023249,False,None,0.9849514486309975,3,1249476899
181,181,282,-220761368568696260734191335534552609624704776850977032086997447595915794888278280066099,False,None,0.9829955276638176,1,1874215349
182,182,287,-436934514207904209975916425412129635703595137222882911795782103258034487581030654409881,False,None,0.9949276883242214,5,175707689
183,183,289,-1062141924418819308850058152162978487060557336269974876667114321327523714236825275463115,False,None,0.9963863321429028,2,131780767
184,184,290,-4181072246076031210860938952782577141382584310404620064882270917768890136735542577455457,False,None,0.9944001550854492,1,197671151
185,185,291,-14532509683867240201204345850935014784549577534403251064408668660879308398256761234498595,False,None,0.9924354502124008,1,296506727
186,186,292,-47576114942880013740856095537979611074452381809588534932749717797783201170870550707760233,False,None,0.990491871198202,1,444760091
187,187,293,-150685516611196627497054402584287966664964443841523168277296577023640155464812186131809595,False,None,0.9885690791253318,1,667140137
188,188,295,-436142206268476709942190975812165633111678734699054377873794883810339362490035490378370993,False,None,0.990022751614787,2,500355103
189,189,296,-1372083993065882820022461855199289966867894591399223641453764040473342503087710743203344147,False,None,0.9881227886621767,1,750532655
190,190,297,-4243566727718553840459163421123456035669400548801791940026050899504676340498340773746494777,False,None,0.9862428253195941,1,1125798983
191,191,298,-12985329680197472282161045974421540377139635195613617851407670254683326683965439409512409003,False,None,0.9843825474570383,1,1688698475
192,192,299,-39465248034676038368050249345366965671681772685257337616882045876388575376837152405083076353,False,None,0.9825416474888843,1,2533047713
193,193,301,-117377226115860872061016525191896207934519583858939044725328067404488535480629788862157530371,False,None,0.9839888902850192,2,1899785785
194,194,303,-348057606394913644010512684198869867481455814789485261674711921314756843842362693174105796361,False,None,0.9854212130523279,2,1424839339
195,195,304,-1060469106995416820721685618103884627732779191517783275029224887539105581925194773171784568091,False,None,0.9836033081319132,1,2137259009
196,196,306,-3148814745364898684784761723297103832621514080254694845077496415427646644979370932216419346257,False,None,0.9850229826166631,2,1602944257
197,197,308,-9316073933609288944833104645833111295557248263569464615191776257524259531753259247453520606707,False,None,0.9864282441624818,2,1202208193
198,198,310,-27426740590886238396414591841266533077442568881929914165412476817538056982520363545577612091865,False,None,0.9878193111472315,2,901656145
199,199,312,-80194296932892201436904887138868395995411003010675823775586022632475284496603433849601037362571,False,None,0.98919639755927,2,676242109
200,200,315,-198864394003346329263936893717981123247898936329749096913729911494648124470657165806167133827233,False,None,0.9937143618750456,3,253590791
201,201,316,-663342776882567427866655109471741873325031325312892689802034784728388739842616514606718966698467,False,None,0.9919094633262714,1,380386187
202,202,317,-2123527520392759163749654185050822627137763008585968867527794454674054952389139578196592030528937,False,None,0.9901224350601585,1,570579281
203,203,319,-6103584181688163730949584841881273867087950960463325006340003163044387391444838665836905830719739,False,None,0.9914610413265761,2,427934461
204,204,322,-12970784955262215986861200260219941314757091575498343094152405469577612859882914622453312274817777,False,None,0.9958793169118103,3,160475423
205,205,323,-47456303009470288290163687605338032402682092815921640362245382840021717482771306067451785172199635,False,None,0.9940990751394184,1,240713135
206,206,324,-159456805315778145529651236465370514124867914626618143246312481382642910254559042602539052212091513,False,None,0.9923361172677292,1,361069703
207,207,325,-512546208522068997907274056694824376208247016237560874058090109873084246376167376607984550027259755,False,None,0.9905901928054284,1,541604555
208,208,326,-1605990210715676116358462864681898796292027593428095510812575661069563770353482627424688436863749697,False,None,0.9888610560783421,1,812406833
209,209,328,-4681267461848090103802107204850845053541509690853460755161116320308069248610486887072595737027308227,False,None,0.9901672687628614,2,609305125
210,210,332,-6935237529999481557195689376420265723226728422157441847099594490091860498433488910741369385756999753,False,None,0.9974698961224947,4,114244711
211,211,333,-29554715489130492369077077037731282631092862990045175287001865895915393492097970425118160865363214555,False,None,0.995732739048793,1,171367067
212,212,334,-106162152265655572502211248930134818816103944417281225352411762539025804469888918661142588012274074257,False,None,0.9940119702493717,1,257050601
213,213,336,-283490445200438526716673711156522514602661122357552277074422957914518165422476741211851553204453361587,False,None,0.9952694704225807,2,192787951
214,214,337,-990455381987428343309861276005095311190586210649822427154518192553791488216190282721859502942835529497,False,None,0.9935669483812204,1,289181927
215,215,338,-3251334238734510556249264113086341468336964319103798473326053215281848448546090966338188195487457477963,False,None,0.9918802637541984,1,433772891
216,216,339,-10313938901747982721387152909401135474541304331620057803703156921086493313433313135359783959780274212833,False,None,0.9902091965774262,1,650659337
217,217,341,-29821944334155046058882737587919184284563090246242848643659476212777584004709858933388913132705019080611,False,None,0.9914610413265761,2,487994503
218,218,342,-93945322486820746597763097324894441409932561733197845000778406840260335756489898690928494384658271473385,False,None,0.9898072280799929,1,731991755
219,219,343,-290794946429173456635519061096957101342284267188532133141935176924636174754190339854308993127061242883259,False,None,0.9881685181507303,1,1097987633
220,220,345,-854466881350097936222097645046323749801879637587719203146605617966198189293129731999879959435010871723569,False,None,0.9894125681006948,2,823490725
221,221,349,-1631666831304327257074396946422498429707034385913543402921421387897657149468442242721194841104044055007891,False,None,0.9963551312056048,4,154404511
222,222,350,-6041749801908017527028601286918538759519385652324770770633058583386432886449569132198593799867195008300985,False,None,0.9947090709459916,1,231606767
223,223,351,-20418748021714124092696624756057703219354721946142593435636764589546221535437192204665799952711710711457579,False,None,0.9930777735586617,1,347410151
224,224,352,-65843241297122515301311516058777283539657295816764342554385471447412510358488546230137436964355383507481985,False,None,0.9914610413265761,1,521115227
225,225,353,-206703718355327831950377831757540198382158147406966152158106769699785222579819577922692385105506653268664451,False,None,0.9898586800476644,1,781672841
226,226,355,-601763166138062923758246928110203899620101922307552207484419598384260284730750855303517006891638954313556361,False,None,0.9910622235303868,2,586254631
227,227,356,-1878681454125871059646287052980278480965795846576041618412861638013162386227084079768791614374440884910417051,False,None,0.9894757368785854,1,879381947
228,228,357,-5782828273800977755681953696240169007108367699034894847157790599760250222750915267022856030522370698670747089,False,None,0.987903166776361,1,1319072921
229,229,359,-17054916998556204113559676014121839892903142778491144557634960427839224540113419745635605716769016008133249395,False,None,0.9890994826731583,2,989304691
230,230,360,-52339022287055528954623768340760188192397269609927593608258526769283778132897563458638666649499432375915715673,False,None,0.9875422229814118,1,1483957037
231,231,363,-145274353947297420724423902038333879440313396085241181471239125450190289273119648158597504956574453612587472139,False,None,0.991461041326576,3,556483889
232,232,365,-417034721179701596350155861340686942101934727864456985448059048578313195618442076928082922882645211213506936609,False,None,0.9926265519550947,2,417362917
233,233,369,-274110449105190166248443655757696622917520243247509890129944101577540632407649118303349985319871853179235859811,False,None,0.9991977642397759,4,78255547
234,234,370,-2024785149695773111424745032829230426768910194783589444191965282157112918081626877963463843132617135490058287145,False,None,0.9976239693223901,1,117383321
235,235,372,-3669447844326914108915406967375410164274031654268648784971629891622356712527521587783563755051848254565473446011,False,None,0.9987483758663073,2,88037491
236,236,373,-20627973952022363228181533426575354956952890683134424545331953494262998304452000947778002362539557371315225999729,False,None,0.9971898223820069,1,132056237
237,237,376,34312382334349119329808524964765179770449285153881508268174777711170286755338359000939103886221453962242378617773,True,16.918891488632855,1.0009687229656878,3,49521089
